person_id,gender,wage,bonus,total
0,M,46794,33329,594857
1,M,33482,0,401784
2,M,44524,3192912,3727200
3,M,15996,21969,213921
4,F,10283,0,123396
5,M,65465,53168,838748
6,M,35395,14750,439490
7,M,139611,0,1675332
8,M,54814,415211,1072979
9,M,12196,0,146352
10,M,30489,0,365868
11,F,3250,7563,46563
12,M,23548,386484,669060
12,M,23548,247288,529864
13,M,273484,13956,3295764
14,M,13435,39213,200433
14,M,13435,5259,166479
15,F,68341,94067,914159
16,F,35448,0,425376
17,M,20179,6074,248222
18,F,166656,0,1999872
19,F,9808,0,117696
20,M,5145,0,61740
21,M,8376,92306,192818
22,M,92722,0,1112664
24,F,44094,0,529128
25,F,47580,246042,817002
26,F,1643,0,19716
27,M,20020,7510,247750
29,F,21648,641,260417
30,F,17370,0,208440
31,F,18928,0,227136
32,M,50762,0,609144
34,F,5088,549676,610732
35,F,150636,46782,1854414
36,F,16594,0,199128
37,M,125015,0,1500180
39,M,25032,2227,302611
40,M,81987,104184,1088028
41,F,7331,12225,100197
42,M,23057,0,276684
44,M,23513,599,282755
45,M,36458,0,437496
46,M,17731,0,212772
47,F,13760,0,165120
48,F,39439,0,473268
49,M,33981,0,407772
50,F,16680,18937,219097
51,M,66891,1796413,2599105
52,M,24351,473484,765696
53,M,12213,643776,790332
54,F,21912,10150,273094
55,M,89649,9292,1085080
56,F,32078,0,384936
57,M,29932,0,359184
58,M,52492,0,629904
59,M,109324,158670,1470558
60,F,50569,126232,733060
61,M,25986,0,311832
62,F,15945,36405,227745
63,F,106845,7414,1289554
64,F,3784,0,45408
65,F,24432,0,293184
66,F,15995,0,191940
67,M,35909,6903,437811
68,F,16832,2378,204362
69,M,61763,0,741156
70,M,29201,8655,359067
71,M,24342,0,292104
72,M,19458,225008,458504
73,F,44071,0,528852
74,F,12669,0,152028
75,F,17285,3354,210774
76,M,25228,1336,304072
77,M,180449,0,2165388
78,M,16460,13502,211022
79,F,37685,14109,466329
80,F,16068,0,192816
81,F,85867,0,1030404
82,F,28209,12980,351488
83,F,10929,748063,879211
84,F,12510,7086,157206
85,M,54033,0,648396
86,F,51928,7911,631047
87,F,6479,0,77748
88,F,25818,44720,354536
89,M,13614,0,163368
90,M,20451,0,245412
91,M,33076,0,396912
92,F,12027,0,144324
93,M,40880,2571,493131
94,M,69056,0,828672
95,F,167593,10936,2022052
96,F,4749,0,56988
97,F,46368,20916,577332
98,M,155928,4661,1875797
99,M,51569,0,618828
100,M,39208,92067,562563
101,M,25728,34389,343125
102,M,45620,5552,552992
103,F,194141,0,2329692
104,F,42787,77032,590476
105,M,16716,12582,213174
106,F,30523,0,366276
107,F,7572,0,90864
108,M,49385,1739816,2332436
109,M,75733,0,908796
110,M,31341,14086,390178
111,M,62730,19037,771797
112,F,9704,233510,349958
113,M,31965,96925,480505
114,M,10156,30856,152728
115,M,14244,69250,240178
116,F,24945,0,299340
117,F,23601,0,283212
118,M,38054,0,456648
119,F,35000,30215,450215
120,M,8433,0,101196
121,F,34618,0,415416
122,F,33807,0,405684
123,F,17937,0,215244
124,M,13962,0,167544
125,M,5441,0,65292
126,F,27882,57532,392116
127,F,26789,90944,412412
128,M,48239,44986,623854
129,M,2346,320,28472
130,M,66389,0,796668
131,F,21738,0,260856
132,F,88479,0,1061748
133,F,13863,27882,194238
134,M,34772,0,417264
135,F,7153,0,85836
136,M,137820,25650,1679490
137,M,35339,0,424068
138,M,45444,0,545328
139,M,24823,0,297876
140,F,34764,0,417168
141,M,9114,16048,125416
142,M,27072,46360,371224
143,M,31450,0,377400
144,F,37969,0,455628
145,F,60258,0,723096
146,F,116779,0,1401348
147,F,13684,0,164208
148,F,60095,269007,990147
149,M,17870,0,214440
150,F,10529,19781,146129
151,F,23888,0,286656
152,M,54142,0,649704
153,F,24283,6347,297743
154,F,70574,976,847864
155,M,35893,460,431176
156,F,13352,0,160224
157,M,165415,0,1984980
158,M,21805,0,261660
159,M,10068,0,120816
160,F,108655,0,1303860
161,M,66362,0,796344
162,M,16016,0,192192
163,F,12911,0,154932
164,F,95940,0,1151280
165,F,21034,0,252408
166,F,217904,47736,2662584
167,M,56163,7207,681163
168,M,48856,0,586272
169,M,27979,332833,668581
170,M,36821,0,441852
171,F,76166,6618,920610
172,M,29307,0,351684
173,F,21596,0,259152
174,M,58889,188996,895664
175,F,25434,33316,338524
176,M,83331,0,999972
177,M,23917,0,287004
178,M,12155,0,145860
179,F,30997,13640,385604
180,F,14839,40284,218352
181,M,22916,172945,447937
182,F,17466,0,209592
183,F,32880,638002,1032562
184,F,71923,0,863076
185,F,55669,302547,970575
186,M,20788,110269,359725
187,F,8167,0,98004
188,F,24904,5537,304385
189,M,27176,686564,1012676
190,F,89095,0,1069140
191,F,17047,0,204564
192,M,78289,0,939468
193,F,87502,0,1050024
194,M,47743,778,573694
195,F,15992,11013,202917
196,M,43709,37583,562091
197,F,28950,0,347400
198,M,202286,0,2427432
199,M,22314,83545,351313
200,F,15098,0,181176
201,F,75422,218451,1123515
202,M,45404,0,544848
203,F,62107,0,745284
204,M,5843,0,70116
205,M,34360,0,412320
206,M,231897,0,2782764
207,F,33485,0,401820
208,F,9803,152,117788
209,F,34171,0,410052
210,F,6915,79548,162528
211,M,109889,0,1318668
212,M,26431,7056,324228
213,F,10530,0,126360
214,F,17273,4076,211352
215,M,52014,0,624168
216,F,70888,0,850656
217,M,51444,56037,673365
218,M,23301,67217,346829
219,F,26928,0,323136
220,M,11369,19365,155793
221,F,41691,0,500292
222,F,17570,4203,215043
223,F,13105,0,157260
224,M,114488,0,1373856
225,M,54002,0,648024
226,F,17061,0,204732
227,M,55901,5100,675912
228,M,7827,0,93924
229,M,6163,0,73956
230,F,5976,32723,104435
231,F,47011,0,564132
232,M,6951,82612,166024
233,F,304078,420476,4069412
234,F,18203,0,218436
235,F,22503,56667,326703
236,F,49830,496400,1094360
237,M,70578,0,846936
238,F,5147,85933,147697
239,M,27317,131235,459039
240,M,8217,283236,381840
241,F,9787,17411,134855
242,F,48277,72789,652113
243,M,37958,0,455496
244,F,19860,43566,281886
245,M,124743,0,1496916
246,F,23766,0,285192
247,F,15471,0,185652
248,F,20530,0,246360
249,F,38779,11159,476507
250,M,21914,0,262968
251,F,59676,1080,717192
252,F,62251,51348,798360
253,F,25041,0,300492
254,F,166347,0,1996164
255,F,9766,0,117192
256,F,24353,476,292712
257,F,30734,0,368808
258,F,14727,0,176724
259,F,26963,18754,342310
260,F,67432,0,809184
261,M,15009,95862,275970
262,M,21489,2353,260221
263,F,36741,0,440892
264,M,14689,0,176268
265,M,14501,0,174012
266,F,4247,0,50964
267,F,38591,153738,616830
268,F,59867,200651,919055
269,M,29623,0,355476
270,M,27519,0,330228
271,F,37807,11552,465236
272,F,2055,0,24660
273,M,13742,0,164904
274,F,35024,5925,426213
275,F,4722,0,56664
276,M,20938,0,251256
277,M,139702,28326,1704750
278,M,66078,0,792936
279,F,26560,15806,334526
280,F,11209,42928,177436
281,M,7305,0,87660
282,F,24620,0,295440
283,F,33356,41626,441898
284,F,33824,0,405888
285,M,8924,71749,178837
286,M,41968,0,503616
287,M,8863,3120,109476
288,F,12453,3099,152535
289,M,12402,0,148824
290,F,27985,0,335820
291,F,32205,0,386460
292,M,21348,54304,310480
293,M,5383,4441,69037
294,F,76514,0,918168
295,M,18897,3308,230072
296,F,40232,0,482784
297,F,6395,0,76740
298,M,33778,1323605,1728941
299,F,2305,268,27928
300,M,5347,9025,73189
301,F,20712,17390,265934
302,F,41667,0,500004
303,F,28976,36491,384203
304,F,27302,0,327624
305,F,3304,26762,66410
306,M,12401,0,148812
307,M,755321,0,9063852
308,F,360041,83523,4404015
309,M,11870,0,142440
310,F,29530,0,354360
311,F,103460,0,1241520
312,M,27365,27621,356001
313,F,108909,0,1306908
314,M,25234,5472,308280
315,F,29170,0,350040
316,F,8185,0,98220
317,F,40190,0,482280
318,F,17529,0,210348
319,M,8597,0,103164
320,F,23716,0,284592
321,F,83225,0,998700
322,F,27215,0,326580
323,F,11064,98110,230878
324,M,8190,0,98280
325,M,16514,309867,508035
326,F,26960,0,323520
327,F,30071,0,360852
328,M,6401,0,76812
329,F,115889,3128,1393796
330,M,76951,0,923412
331,F,36938,0,443256
332,F,2872,0,34464
333,M,33187,447676,845920
334,M,5809,16806,86514
335,M,56394,7043,683771
336,M,33525,0,402300
337,F,47680,0,572160
338,F,24468,26808,320424
339,M,19057,909,229593
340,F,69126,0,829512
341,F,25954,10471,321919
342,M,12462,0,149544
343,M,6635,69644,149264
344,M,8991,651562,759454
345,F,66369,0,796428
346,F,19346,0,232152
347,M,11367,0,136404
348,M,15627,26907,214431
349,M,16160,69111,263031
350,M,1590,0,19080
351,F,18548,0,222576
352,M,17244,65952,272880
353,F,16938,0,203256
354,M,43316,0,519792
355,M,24538,0,294456
356,M,49337,0,592044
357,F,26514,75253,393421
358,M,254296,6533,3058085
359,F,21729,0,260748
360,M,27970,435116,770756
361,F,12317,0,147804
362,M,28583,1277,344273
363,F,38172,0,458064
364,F,37645,76138,527878
365,M,255002,14984,3075008
366,M,211830,907613,3449573
367,M,1575,0,18900
368,F,946,84131,95483
369,M,53936,219103,866335
370,F,32905,0,394860
371,M,5939,0,71268
372,F,28987,0,347844
373,M,121475,0,1457700
374,F,15971,0,191652
375,F,20566,0,246792
376,F,103582,173594,1416578
377,M,20988,39703,291559
378,M,218710,0,2624520
379,M,161681,12675,1952847
380,M,6634,23280,102888
381,F,3901,0,46812
382,M,19683,4633,240829
383,F,18121,41523,258975
384,F,8446,0,101352
385,F,65050,0,780600
386,M,134282,0,1611384
387,M,60510,0,726120
388,F,54484,0,653808
389,M,52805,2086,635746
390,F,21652,0,259824
391,M,4096,0,49152
392,M,27034,0,324408
393,F,56586,0,679032
394,M,60847,0,730164
395,M,45965,0,551580
396,F,161142,0,1933704
397,M,53461,30730,672262
398,M,26986,216525,540357
399,M,123565,0,1482780
400,F,28399,0,340788
401,F,26653,0,319836
402,M,12983,202782,358578
403,F,5285,0,63420
404,M,6344,0,76128
405,F,28936,0,347232
406,M,2107,116940,142224
407,M,44983,0,539796
408,M,59271,133754,845006
409,M,44030,64315,592675
410,M,4973,0,59676
411,M,19008,0,228096
412,M,135337,0,1624044
413,F,19174,26042,256130
414,M,19467,0,233604
415,M,44337,0,532044
416,F,29119,132103,481531
417,F,18151,0,217812
418,F,40015,0,480180
419,F,13729,0,164748
420,M,21698,391256,651632
421,F,14367,0,172404
422,F,23568,48905,331721
423,F,56058,175281,847977
424,F,49689,172468,768736
425,M,6813,0,81756
426,M,66416,16055,813047
427,F,31980,94715,478475
428,F,16903,92758,295594
429,M,17398,115581,324357
430,M,2571,303471,334323
431,M,26839,956210,1278278
432,F,14833,0,177996
433,F,44549,2418,537006
434,F,10827,0,129924
435,F,15743,0,188916
436,F,36680,0,440160
437,F,37528,103844,554180
438,M,91245,0,1094940
439,F,32402,0,388824
440,M,86960,73347,1116867
441,F,22924,0,275088
442,F,12297,0,147564
443,M,61789,87691,829159
444,F,40575,0,486900
445,M,24644,0,295728
446,M,3883,945307,991903
447,F,6603,130759,209995
448,M,42539,0,510468
449,M,35484,6653,432461
450,F,23331,0,279972
451,F,33729,218,404966
452,F,3018,0,36216
453,F,11972,966,144630
454,M,50868,0,610416
455,F,72801,0,873612
456,M,21327,0,255924
457,M,20373,6902,251378
458,F,205648,32955,2500731
459,M,20098,0,241176
460,F,36897,0,442764
461,F,31059,113591,486299
462,F,109265,0,1311180
463,M,89553,0,1074636
464,M,83973,0,1007676
465,F,436170,0,5234040
466,M,112434,127421,1476629
467,M,25897,107266,418030
468,M,34230,6935,417695
469,F,33404,0,400848
470,M,9343,0,112116
471,M,318682,0,3824184
472,M,47750,0,573000
473,M,13103,32885,190121
474,M,11590,29310,168390
475,M,23573,2914747,3197623
476,M,10425,11050,136150
477,M,17025,4494,208794
478,F,200626,1080252,3487764
479,M,8995,0,107940
480,F,33605,62846,466106
481,M,9765,0,117180
482,M,23836,0,286032
483,F,222413,0,2668956
484,M,14455,0,173460
485,M,22639,62722,334390
486,M,13425,0,161100
487,F,30146,6541,368293
488,F,12705,28102,180562
489,F,10116,1091,122483
490,M,76337,186447,1102491
491,F,45930,0,551160
492,M,10033,0,120396
493,F,29235,0,350820
494,M,63868,0,766416
495,F,16344,0,196128
496,F,125968,3716,1515332
497,F,2883,0,34596
498,M,15205,8810,191270
499,F,210461,0,2525532
500,M,15646,0,187752
501,F,63885,26569,793189
502,F,33719,0,404628
503,F,37565,550184,1000964
504,M,39095,0,469140
505,F,4075,0,48900
506,M,74414,1049,894017
507,M,74905,0,898860
508,M,14735,0,176820
509,M,24763,0,297156
510,F,12905,9486,164346
511,M,92718,40627,1153243
512,M,55111,0,661332
513,M,22848,0,274176
514,M,20912,0,250944
515,F,13859,126741,293049
516,M,41577,0,498924
517,F,9607,53268,168552
518,M,6599,0,79188
519,M,6665,1969862,2049842
520,F,56112,0,673344
521,M,13172,3808,161872
522,M,79196,78295,1028647
523,F,33006,0,396072
524,F,48275,48307,627607
525,M,10007,35217,155301
526,F,18097,0,217164
527,F,50316,0,603792
528,M,68774,0,825288
529,M,11666,0,139992
530,M,282338,0,3388056
531,F,31306,124,375796
532,F,12110,0,145320
533,F,14992,0,179904
534,F,24139,0,289668
535,M,36499,17849,455837
536,F,46975,0,563700
537,M,8367,9348,109752
538,M,15038,0,180456
539,F,172735,0,2072820
540,F,40112,3215523,3696867
541,F,220600,0,2647200
542,F,52896,0,634752
543,F,67630,0,811560
544,M,23135,69038,346658
545,F,94492,17621,1151525
546,F,17893,0,214716
547,F,7297,14050,101614
548,F,90955,5348,1096808
549,M,43603,389316,912552
550,M,22793,0,273516
551,M,20467,0,245604
552,F,17911,0,214932
553,M,29703,0,356436
554,M,36214,89927,524495
555,F,9674,0,116088
556,M,116935,0,1403220
557,F,7179,493974,580122
558,F,16184,0,194208
559,M,6356,0,76272
560,M,80922,0,971064
561,M,81584,5097,984105
562,M,14508,0,174096
563,F,14450,0,173400
564,M,300730,0,3608760
565,F,40662,479,488423
566,M,39858,0,478296
567,F,47332,24132,592116
568,F,9784,13282,130690
569,F,14678,0,176136
570,M,4042,5018,53522
571,M,8568,1119178,1221994
572,F,9880,11210,129770
573,M,362844,165630,4519758
574,F,21109,0,253308
575,F,36528,137257,575593
576,M,50308,13248,616944
577,F,8917,0,107004
578,M,122032,257616,1722000
579,F,13257,0,159084
580,F,18071,0,216852
581,F,19392,3779112,4011816
582,M,14035,0,168420
583,M,17460,191334,400854
584,F,18664,4413,228381
585,F,73407,0,880884
586,M,7024,36722,121010
587,M,21212,0,254544
588,M,77893,40732,975448
589,M,76606,0,919272
590,F,8451,0,101412
591,F,4841,83952,142044
592,M,74824,0,897888
593,F,29101,33983,383195
594,M,25529,54009,360357
595,F,14928,0,179136
596,F,22281,0,267372
597,M,34741,0,416892
598,F,18091,1264,218356
599,F,15410,83061,267981
600,M,2384,0,28608
601,M,15557,109792,296476
602,F,10529,0,126348
603,M,43187,0,518244
604,M,11413,0,136956
605,F,20092,0,241104
606,F,49177,7375,597499
607,F,19572,0,234864
608,F,9733,15280,132076
609,M,30432,0,365184
610,M,6501,0,78012
611,M,54325,0,651900
612,M,5972,0,71664
613,M,41477,7235,504959
614,M,7753,0,93036
615,M,12079,0,144948
616,M,12209,620397,766905
617,M,35923,2589,433665
618,F,44123,0,529476
619,F,20393,17854,262570
620,F,12620,0,151440
621,M,134566,0,1614792
622,F,6836,0,82032
623,F,41287,0,495444
624,F,43428,0,521136
625,M,23369,163,280591
626,M,29007,0,348084
627,F,22187,0,266244
628,F,8687,0,104244
629,M,91994,1149,1105077
630,M,22919,70154,345182
631,F,46353,0,556236
632,F,40872,49514,539978
633,M,4240,1838,52718
634,F,45633,101082,648678
635,M,216894,0,2602728
636,F,42145,0,505740
637,F,41993,0,503916
638,M,14021,513209,681461
639,M,9349,0,112188
640,M,4265,0,51180
641,F,19302,342165,573789
642,F,32919,0,395028
643,F,198133,27898,2405494
644,M,54405,486,653346
645,M,37997,210,456174
646,M,91811,11371,1113103
647,F,10435,0,125220
648,F,64158,0,769896
649,M,16149,0,193788
650,F,54055,0,648660
651,M,15643,0,187716
652,M,70716,66078,914670
653,M,70094,57319,898447
654,F,17420,0,209040
655,F,37509,0,450108
656,F,184755,0,2217060
657,M,115042,554329,1934833
658,F,19784,6671,244079
659,F,10462,0,125544
660,M,65521,0,786252
661,F,17182,5247,211431
662,F,10193,0,122316
663,M,17584,2006,213014
664,F,129886,0,1558632
665,M,26887,115761,438405
666,F,16006,24995,217067
667,F,63951,376767,1144179
668,F,90731,24378,1113150
669,F,29221,67740,418392
670,F,79169,357709,1307737
671,F,10249,102937,225925
672,F,16336,52323,248355
673,F,7815,6355,100135
674,F,31896,7069,389821
675,M,53743,0,644916
676,F,10239,1288,124156
677,M,24264,483855,775023
678,F,2864,0,34368
679,M,79992,0,959904
680,M,9081,12845,121817
681,M,16225,0,194700
682,F,17216,0,206592
683,M,6253,0,75036
684,M,61122,0,733464
685,F,17893,33341,248057
686,M,46713,0,560556
687,M,31929,0,383148
688,F,38733,0,464796
689,M,12361,0,148332
690,M,73992,0,887904
691,M,18853,30732,256968
692,M,18390,926404,1147084
693,M,46749,0,560988
694,M,59756,0,717072
695,F,28478,0,341736
696,M,104139,86312,1335980
697,F,40781,25093,514465
698,F,56908,0,682896
699,F,19545,198238,432778
700,M,37162,0,445944
701,M,79947,0,959364
702,M,11686,2998,143230
703,F,31810,0,381720
704,F,9446,22703,136055
705,F,36867,5911,448315
706,M,31919,0,383028
707,F,49660,1166,597086
708,M,44498,0,533976
709,M,25519,0,306228
710,M,96546,162573,1321125
711,M,5581,0,66972
712,F,21717,0,260604
713,M,12033,587158,731554
714,F,21513,0,258156
715,F,26181,13990,328162
716,M,10846,0,130152
717,M,7624,0,91488
718,F,12410,18034,166954
719,M,9528,982,115318
720,F,12827,163186,317110
721,F,49921,10171,609223
722,F,26091,0,313092
723,M,31295,0,375540
724,F,8348,0,100176
725,F,81087,11884,984928
726,F,198758,0,2385096
727,M,9454,0,113448
728,F,4788,0,57456
729,F,9456,21135,134607
730,M,6030,0,72360
731,F,33690,48647,452927
732,M,37249,0,446988
733,F,21089,0,253068
734,F,68867,3745,830149
735,F,69596,23799,858951
736,M,85715,0,1028580
737,F,25557,2301,308985
738,F,4953,0,59436
739,F,27037,0,324444
740,F,84056,0,1008672
741,M,26631,5849,325421
742,M,21159,524800,778708
743,F,3350,0,40200
744,M,15706,249395,437867
745,M,35816,0,429792
746,F,12768,0,153216
747,F,20466,0,245592
748,F,134695,40803,1657143
749,F,30026,1178,361490
750,M,41651,0,499812
751,F,161448,156192,2093568
752,F,130441,28310,1593602
753,M,11961,174856,318388
754,M,15364,0,184368
755,F,36953,0,443436
756,F,23124,2220839,2498327
757,F,97256,6329445,7496517
758,M,24691,0,296292
759,M,33078,0,396936
760,F,22902,0,274824
761,M,12224,0,146688
762,M,48879,0,586548
763,M,4627,0,55524
764,M,82012,14782,998926
765,M,38501,0,462012
766,M,176093,5712,2118828
767,M,8328,1077,101013
768,F,19428,0,233136
769,F,55643,0,667716
770,F,64047,0,768564
771,M,70629,0,847548
772,F,34364,0,412368
773,F,70967,169664,1021268
774,F,2870,16243,50683
775,M,14886,0,178632
776,M,51443,171270,788586
777,M,30695,0,368340
778,F,29293,124367,475883
779,M,17983,0,215796
780,F,18595,0,223140
781,M,54537,0,654444
782,F,30720,0,368640
783,F,7427,3201,92325
784,F,37472,18175,467839
785,F,178470,52519,2194159
786,M,50655,0,607860
787,F,19112,0,229344
788,F,4147,0,49764
789,M,91863,0,1102356
790,M,59573,0,714876
791,M,23024,302667,578955
792,F,16323,22498,218374
793,M,32714,0,392568
794,M,62024,130854,875142
795,M,5524,2088,68376
796,M,9413,0,112956
797,M,13976,4422341,4590053
798,M,37220,138153,584793
799,F,44354,108481,640729
800,F,5064,121324,182092
801,M,59808,158334,876030
802,F,7888,0,94656
803,M,5943,0,71316
804,M,51888,27963,650619
805,F,135542,2543,1629047
806,F,14905,12737,191597
807,M,9288,0,111456
808,F,8409,0,100908
809,F,98900,0,1186800
810,F,68975,35554,863254
811,M,54737,27437,684281
812,F,14051,947163,1115775
813,F,68362,0,820344
814,M,91336,0,1096032
815,M,97592,0,1171104
816,F,18675,3489,227589
817,F,9281,0,111372
818,M,100084,38642,1239650
819,M,36759,0,441108
820,M,9521,0,114252
821,F,16712,968678,1169222
822,M,5771,0,69252
823,M,28078,0,336936
824,M,36197,11585,445949
825,F,17237,2738,209582
826,M,4845,6397,64537
827,F,14658,0,175896
828,M,69841,0,838092
829,M,14307,60710,232394
830,M,13189,0,158268
831,F,33683,353632,757828
832,F,5999,922366,994354
833,F,74049,3357,891945
834,M,91608,3686,1102982
835,M,41061,414,493146
836,F,21697,7703,268067
837,M,15809,0,189708
838,M,10625,0,127500
839,M,39175,0,470100
840,F,6214,0,74568
841,M,43211,0,518532
842,M,7098,0,85176
843,M,91384,0,1096608
844,F,21699,0,260388
845,F,35039,7253,427721
846,F,47059,0,564708
847,M,29313,0,351756
848,M,29835,13441,371461
849,F,24711,0,296532
850,M,30337,0,364044
851,M,284499,0,3413988
852,F,6711,0,80532
853,F,17655,0,211860
854,F,44451,0,533412
855,F,47859,404,574712
856,F,108937,0,1307244
857,M,1051,1145,13757
858,M,4844,0,58128
859,F,28334,1830,341838
860,F,72123,12221,877697
861,F,22256,0,267072
862,M,17445,459,209799
863,M,27930,0,335160
864,F,105752,0,1269024
865,M,40501,75858,561870
866,M,29385,0,352620
867,M,27107,0,325284
868,M,16978,70752,274488
869,F,118598,6257,1429433
870,F,137293,0,1647516
871,F,56934,8873,692081
872,M,10470,211035,336675
873,M,104511,460577,1714709
874,F,42218,9950,516566
875,F,28433,0,341196
876,F,26086,0,313032
877,F,20673,0,248076
878,F,79115,0,949380
879,F,27140,141016,466696
880,F,8935,0,107220
881,M,54404,0,652848
882,F,38939,0,467268
883,M,37328,0,447936
884,F,31911,0,382932
885,M,26459,10367,327875
886,M,49307,39595,631279
887,F,75474,105367,1011055
888,M,234246,2753,2813705
889,M,71378,0,856536
890,M,17083,0,204996
891,M,60119,12341,733769
892,F,52042,39053,663557
893,M,8773,483587,588863
894,M,138851,401319,2067531
895,M,13845,0,166140
896,M,21987,17430,281274
897,F,85745,0,1028940
898,F,25579,0,306948
899,M,46157,0,553884
900,F,9436,875,114107
901,M,60730,0,728760
902,F,49352,0,592224
903,F,6947,0,83364
904,F,11122,0,133464
905,M,26169,85060,399088
906,M,26062,599197,911941
907,M,23109,0,277308
908,F,31989,0,383868
909,M,11409,0,136908
910,F,172242,4735,2071639
911,F,57711,0,692532
912,M,67803,33668,847304
913,M,21853,55549,317785
914,M,169409,0,2032908
915,M,98238,0,1178856
916,F,34117,4660,414064
917,F,18283,7877,227273
918,F,35672,295187,723251
919,M,57951,0,695412
920,F,10011,12711,132843
921,M,68146,0,817752
922,M,14314,12137,183905
923,M,13134,0,157608
924,F,11724,0,140688
925,F,11294,10116,145644
926,F,89234,13136,1083944
927,M,2942,0,35304
928,M,9408,0,112896
929,M,46745,176719,737659
930,M,183917,0,2207004
931,M,115481,3976,1389748
932,M,5377,0,64524
933,M,25210,0,302520
934,F,27991,0,335892
935,M,39335,16115,488135
936,M,53895,12739,659479
937,M,108336,0,1300032
938,F,24743,57573,354489
939,M,16167,21726,215730
940,F,9714,0,116568
941,F,35242,8492,431396
942,F,43968,0,527616
943,F,36534,0,438408
944,M,212090,28732,2573812
945,F,18353,0,220236
946,M,28058,0,336696
947,F,18557,2268,224952
948,M,15618,0,187416
949,F,28770,0,345240
950,M,72450,368276,1237676
951,M,11092,565550,698654
952,F,9777,17150,134474
953,F,11633,2390974,2530570
954,M,45233,0,542796
955,F,11234,0,134808
956,F,71370,339080,1195520
957,M,16724,45875,246563
958,M,78355,0,940260
959,M,24902,0,298824
960,F,3809,69396,115104
961,M,27051,0,324612
962,F,98041,0,1176492
963,F,16090,0,193080
964,M,12090,557549,702629
965,M,7347,0,88164
966,M,45432,0,545184
967,M,40108,48886,530182
968,M,77136,0,925632
969,F,22045,0,264540
970,M,131015,331,1572511
971,M,46431,1807,558979
972,M,70017,0,840204
973,M,27078,0,324936
974,M,78437,164196,1105440
975,F,42287,0,507444
976,M,8911,0,106932
977,M,64736,127712,904544
978,F,18535,0,222420
979,M,24487,18037,311881
980,F,156606,4397,1883669
981,F,32833,43660,437656
982,M,61604,2284,741532
983,M,9923,9391,128467
984,M,9830,0,117960
985,F,13403,57267,218103
986,M,50519,0,606228
987,M,42161,1203286,1709218
988,F,93656,36689,1160561
989,F,45953,0,551436
990,F,104835,0,1258020
991,M,44258,66880,597976
992,F,6948,192156,275532
993,M,29935,0,359220
994,F,4536,0,54432
995,M,66504,3452,801500
996,M,9973,389279,508955
997,F,104505,53810,1307870
998,M,98928,0,1187136
999,M,108107,0,1297284
